            CPU0       CPU1       CPU2       CPU3       CPU4       CPU5       CPU6       CPU7       CPU8       CPU9       CPU10      CPU11      CPU12      CPU13      CPU14      CPU15      CPU16      CPU17      CPU18      CPU19      CPU20      CPU21      CPU22      CPU23      CPU24      CPU25      CPU26      CPU27      CPU28      CPU29      CPU30      CPU31      
   0:         30          0          0          0          0          0          0          0          0          0          0          0          0          0          0          0          0          0          0          0          0          0          0          0          0          0          0          0          0          0          0          0  IR-IO-APIC    2-edge      timer
   8:          0          0          0          0          0          0          0          0          0          0          0          0          0          0          0          0          0          0          0          0          0          0          0          0          0          0          0          0          0          0          0          0  IR-IO-APIC    8-edge      rtc0
   9:          0          0          0          0          0          0          0          0          0          0          0          0          0          0          0          0          0          0          0          0          0          0          0          0          0          0          0          0          0          0          0          0  IR-IO-APIC    9-fasteoi   acpi
  10:          0          0          0          0          0          0     171636          0          0          0          0          0          0          0          0          0          0          0          0          0          0          0          0          0          0          0          0          0          0          0          0          0  IR-IO-APIC   10-edge      ipmi_si
  17:          0          0          0          0          0          0          0          0          0          0          0          0          0          0          0          0          0          0          0          0          0          0          0          0          0          0          0          0          0          0          0          0  IR-IO-APIC   17-fasteoi   hpilo
  24:          0          0          0          0          0          0          0          0          0          0          0          0          0          0          0          0          0          0          0          0          0          0          0          0          0          0          0          0          0          0          0          0  IR-PCI-MSI 458752-edge      PCIe PME
  25:          0          0          0          0          0          0          0          0          0          0          0          0          0          0          0          0          0          0          0          0          0          0          0          0          0          0          0          0          0          0          0          0  IR-PCI-MSI 466944-edge      PCIe PME
  27:          0          0          0          0          0          0          0          0          0          0          0          0          0          0          0          0          0          0          0          0          0          0          0          0          0          0          0          0          0          0          0          0  IR-PCI-MSI 8912896-edge      PCIe PME
  29:          0          0          0          0          0          0          0          0          0          0          0          0          0          0          0          0          0          0          0          0          0          0          0          0          0          0          0          0          0          0          0          0  IR-PCI-MSI 28311552-edge      PCIe PME
  31:          0          0          0          0          0          0          0          0          0          0          0          0          0          0          0          0          0          0          0          0          0          0          0          0          0          0          0          0          0          0          0          0  IR-PCI-MSI 28344320-edge      PCIe PME
  33:          0          0          0          0          0          0          0          0          0          0          0          0          0          0          0          0          0          0          0          0          0          0          0          0          0          0          0          0          0          0          0          0  IR-PCI-MSI 47710208-edge      PCIe PME
  35:          0          0          0          0          0          0          0          0          0          0          0          0          0          0          0          0          0          0          0          0          0          0          0          0          0          0          0          0          0          0          0          0  IR-PCI-MSI 47742976-edge      PCIe PME
  37:          0          0          0          0          0          0          0          0          0          0          0          0          0          0          0          0          0          0          0          0          0          0          0          0          0          0          0          0          0          0          0          0  IR-PCI-MSI 69730304-edge      PCIe PME
  39:          0          0          0          0          0          0          0          0          0          0          0          0          0          0          0          0          0          0          0          0          0          0          0          0          0          0          0          0          0          0          0          0  IR-PCI-MSI 91226112-edge      PCIe PME
  41:          0          0          0          0          0          0          0          0          0          0          0          0          0          0          0          0          0          0          0          0          0          0          0          0          0          0          0          0          0          0          0          0  IR-PCI-MSI 112721920-edge      PCIe PME
  42:          0          0          0          0          0          0          0          0          0          0          0          0          0          0          0          0          0          0          0          0          0          0          0          0          0          0          0          0          0          0          0          0  IR-PCI-MSI 532480-edge      ehci_hcd:usb1
  43:        112          0    2194757          0          0          0    7154817     370729          0          0          0          0          0          0          0          0    8506745          0        124          0          0          0          0      13658          0          0          0          0          0          0          0          0  IR-PCI-MSI 9437184-edge      ens1f0np0-TxRx-0
  44:          0         39    2128249          0          0   34084756          0   30973641          0          0          0          0          0          0          0          0          0          0    7073469          0          0          0          0    2064761          0          0          0          0          0          0          0          0  IR-PCI-MSI 9437185-edge      ens1f0np0-TxRx-1
  45:          0          0         24          0          0          0          0          0          0          0          0          0          0          0          0          0          0          0          0          0   39901063   23436068          0          0          0          0          0          0          0          0          0          0  IR-PCI-MSI 9437186-edge      ens1f0np0-TxRx-2
  46:     230890    1832828     217390       3943   24153932          0          0     434609          0          0          0          0          0          0          0          0        625          0       1281    2119054          0          0          0     330038          0          0          0          0          0          0          0          0  IR-PCI-MSI 9437187-edge      ens1f0np0-TxRx-3
  47:    1429369     631915    4903046     553470         40          0         80     670480          0          0          0          0          0          0          0          0       6195     235137     459328     104991          0          0       1191     161218          0          0          0          0          0          0          0          0  IR-PCI-MSI 9437188-edge      ens1f0np0-TxRx-4
  48:          0          0    1060653          0          0         14          0    9690366          0          0          0          0          0          0          0          0          0          0   72637565   36434857          0          0          0   20093429          0          0          0          0          0          0          0          0  IR-PCI-MSI 9437189-edge      ens1f0np0-TxRx-5
  49:    1401695    3706355    2782596    2208622          0          0       1705     623092          0          0          0          0          0          0          0          0       1359      17154     165807    2386523          0          0       3492     491041          0          0          0          0          0          0          0          0  IR-PCI-MSI 9437190-edge      ens1f0np0-TxRx-6
  50:    5352041       2115    3508811        125          0          0          0       4656          0          0          0          0          0          0          0          0         94          0   12978615    3567309          0          0    6062720    2640146          0          0          0          0          0          0          0          0  IR-PCI-MSI 9437191-edge      ens1f0np0-TxRx-7
  88:          0          0          0          0          0          0          0          0          0          0          0          0          0          0          0          0          0          0          0          0          0          0          0          0          0          0          0          0          0          0          0          0  DMAR-MSI    6-edge      dmar6
  89:          0          0          0          0          0          0          0          0          0          0          0          0          0          0          0          0          0          0          0          0          0          0          0          0          0          0          0          0          0          0          0          0  DMAR-MSI    5-edge      dmar5
  90:          0          0          0          0          0          0          0          0          0          0          0          0          0          0          0          0          0          0          0          0          0          0          0          0          0          0          0          0          0          0          0          0  DMAR-MSI    4-edge      dmar4
  91:          0          0          0          0          0          0          0          0          0          0          0          0          0          0          0          0          0          0          0          0          0          0          0          0          0          0          0          0          0          0          0          0  DMAR-MSI    3-edge      dmar3
  92:          0          0          0          0          0          0          0          0          0          0          0          0          0          0          0          0          0          0          0          0          0          0          0          0          0          0          0          0          0          0          0          0  DMAR-MSI    2-edge      dmar2
  93:          0          0          0          0          0          0          0          0          0          0          0          0          0          0          0          0          0          0          0          0          0          0          0          0          0          0          0          0          0          0          0          0  DMAR-MSI    1-edge      dmar1
  94:          0          0          0          0          0          0          0          0          0          0          0          0          0          0          0          0          0          0          0          0          0          0          0          0          0          0          0          0          0          0          0          0  DMAR-MSI    0-edge      dmar0
  95:          0          0          0          0          0          0          0          0          0          0          0          0          0          0          0          0          0          0          0          0          0          0          0          0          0          0          0          0          0          0          0          0  DMAR-MSI    7-edge      dmar7
 125:          0          0          0          0          0          0          0          0          0          0          0          0          0          0          0          0          0          0          0        252          0          0          0    1568342          0          0          0          0          0          0          0          0  IR-PCI-MSI 327680-edge      xhci_hcd
 127:          0          0          0          0          0          0          0          0          0          0          0          0          0          0          0          0          0          0          0          0          0          0          0          0          0          0          0          0          0          0          0          0  IR-PCI-MSI 9439232-edge      ens1f1np1-TxRx-0
 128:          0          0          0          0          0          0          0          0          0          0          0          0          0          0          0          0          0          0          0          0          0          0          0          0          0          0          0          0          0          0          0          0  IR-PCI-MSI 9439233-edge      ens1f1np1-TxRx-1
 129:          0          0          0          0          0          0          0          0          0          0          0          0          0          0          0          0          0          0          0          0          0          0          0          0          0          0          0          0          0          0          0          0  IR-PCI-MSI 9439234-edge      ens1f1np1-TxRx-2
 130:          0          0          0          0          0          0          0          0          0          0          0          0          0          0          0          0          0          0          0          0          0          0          0          0          0          0          0          0          0          0          0          0  IR-PCI-MSI 9439235-edge      ens1f1np1-TxRx-3
 131:          0          0          0          0          0          0          0          0          0          0          0          0          0          0          0          0          0          0          0          0          0          0          0          0          0          0          0          0          0          0          0          0  IR-PCI-MSI 9439236-edge      ens1f1np1-TxRx-4
 132:          0          0          0          0          0          0          0          0          0          0          0          0          0          0          0          0          0          0          0          0          0          0          0          0          0          0          0          0          0          0          0          0  IR-PCI-MSI 9439237-edge      ens1f1np1-TxRx-5
 133:          0          0          0          0          0          0          0          0          0          0          0          0          0          0          0          0          0          0          0          0          0          0          0          0          0          0          0          0          0          0          0          0  IR-PCI-MSI 9439238-edge      ens1f1np1-TxRx-6
 134:          0          0          0          0          0          0          0          0          0          0          0          0          0          0          0          0          0          0          0          0          0          0          0          0          0          0          0          0          0          0          0          0  IR-PCI-MSI 9439239-edge      ens1f1np1-TxRx-7
 211:          0          0          0          0          0          0          0          0     246220          0          0          0          0          0          0          0          0          0          0          0          0          0          0          0          0          0          0          0          0          0          0          0  IR-PCI-MSI 48234496-edge      smartpqi
 212:          0          0          0          0          0          0          0          0          0     210198          0          0          0          0          0          0          0          0          0          0          0          0          0          0          0          0          0          0          0          0          0          0  IR-PCI-MSI 48234497-edge      smartpqi
 213:          0          0          0          0          0          0          0          0          0          0     228084          0          0          0          0          0          0          0          0          0          0          0          0          0          0          0          0          0          0          0          0          0  IR-PCI-MSI 48234498-edge      smartpqi
 214:          0          0          0          0          0          0          0          0          0          0          0     229664          0          0          0          0          0          0          0          0          0          0          0          0          0          0          0          0          0          0          0          0  IR-PCI-MSI 48234499-edge      smartpqi
 215:          0          0          0          0          0          0          0          0          0          0          0          0     207199          0          0          0          0          0          0          0          0          0          0          0          0          0          0          0          0          0          0          0  IR-PCI-MSI 48234500-edge      smartpqi
 216:          0          0          0          0          0          0          0          0          0          0          0          0          0     216019          0          0          0          0          0          0          0          0          0          0          0          0          0          0          0          0          0          0  IR-PCI-MSI 48234501-edge      smartpqi
 217:          0          0          0          0          0          0          0          0          0          0          0          0          0          0     238251          0          0          0          0          0          0          0          0          0          0          0          0          0          0          0          0          0  IR-PCI-MSI 48234502-edge      smartpqi
 218:          0          0          0          0          0          0          0          0          0          0          0          0          0          0          0     228933          0          0          0          0          0          0          0          0          0          0          0          0          0          0          0          0  IR-PCI-MSI 48234503-edge      smartpqi
 219:          0          0          0          0          0          0          0          0          0          0          0          0          0          0          0          0          0          0          0          0          0          0          0          0     180700          0          0          0          0          0          0          0  IR-PCI-MSI 48234504-edge      smartpqi
 220:          0          0          0          0          0          0          0          0          0          0          0          0          0          0          0          0          0          0          0          0          0          0          0          0          0     191953          0          0          0          0          0          0  IR-PCI-MSI 48234505-edge      smartpqi
 221:          0          0          0          0          0          0          0          0          0          0          0          0          0          0          0          0          0          0          0          0          0          0          0          0          0          0     193709          0          0          0          0          0  IR-PCI-MSI 48234506-edge      smartpqi
 222:          0          0          0          0          0          0          0          0          0          0          0          0          0          0          0          0          0          0          0          0          0          0          0          0          0          0          0     191974          0          0          0          0  IR-PCI-MSI 48234507-edge      smartpqi
 223:          0          0          0          0          0          0          0          0          0          0          0          0          0          0          0          0          0          0          0          0          0          0          0          0          0          0          0          0     186237          0          0          0  IR-PCI-MSI 48234508-edge      smartpqi
 224:          0          0          0          0          0          0          0          0          0          0          0          0          0          0          0          0          0          0          0          0          0          0          0          0          0          0          0          0          0     176440          0          0  IR-PCI-MSI 48234509-edge      smartpqi
 225:          0          0          0          0          0          0          0          0          0          0          0          0          0          0          0          0          0          0          0          0          0          0          0          0          0          0          0          0          0          0     188667          0  IR-PCI-MSI 48234510-edge      smartpqi
 226:          0          0          0          0          0          0          0          0          0          0          0          0          0          0          0          0          0          0          0          0          0          0          0          0          0          0          0          0          0          0          0     195387  IR-PCI-MSI 48234511-edge      smartpqi
 227:     225554          0          0          0          0          0          0          0          0          0          0          0          0          0          0          0          0          0          0          0          0          0          0          0          0          0          0          0          0          0          0          0  IR-PCI-MSI 48234512-edge      smartpqi
 228:          0     207117          0          0          0          0          0          0          0          0          0          0          0          0          0          0          0          0          0          0          0          0          0          0          0          0          0          0          0          0          0          0  IR-PCI-MSI 48234513-edge      smartpqi
 229:          0          0     219192          0          0          0          0          0          0          0          0          0          0          0          0          0          0          0          0          0          0          0          0          0          0          0          0          0          0          0          0          0  IR-PCI-MSI 48234514-edge      smartpqi
 230:          0          0          0     217375          0          0          0          0          0          0          0          0          0          0          0          0          0          0          0          0          0          0          0          0          0          0          0          0          0          0          0          0  IR-PCI-MSI 48234515-edge      smartpqi
 231:          0          0          0          0     201299          0          0          0          0          0          0          0          0          0          0          0          0          0          0          0          0          0          0          0          0          0          0          0          0          0          0          0  IR-PCI-MSI 48234516-edge      smartpqi
 232:          0          0          0          0          0     224396          0          0          0          0          0          0          0          0          0          0          0          0          0          0          0          0          0          0          0          0          0          0          0          0          0          0  IR-PCI-MSI 48234517-edge      smartpqi
 233:          0          0          0          0          0          0     226685          0          0          0          0          0          0          0          0          0          0          0          0          0          0          0          0          0          0          0          0          0          0          0          0          0  IR-PCI-MSI 48234518-edge      smartpqi
 234:          0          0          0          0          0          0          0     229409          0          0          0          0          0          0          0          0          0          0          0          0          0          0          0          0          0          0          0          0          0          0          0          0  IR-PCI-MSI 48234519-edge      smartpqi
 235:          0          0          0          0          0          0          0          0          0          0          0          0          0          0          0          0     184293          0          0          0          0          0          0          0          0          0          0          0          0          0          0          0  IR-PCI-MSI 48234520-edge      smartpqi
 236:          0          0          0          0          0          0          0          0          0          0          0          0          0          0          0          0          0     185334          0          0          0          0          0          0          0          0          0          0          0          0          0          0  IR-PCI-MSI 48234521-edge      smartpqi
 237:          0          0          0          0          0          0          0          0          0          0          0          0          0          0          0          0          0          0     176518          0          0          0          0          0          0          0          0          0          0          0          0          0  IR-PCI-MSI 48234522-edge      smartpqi
 238:          0          0          0          0          0          0          0          0          0          0          0          0          0          0          0          0          0          0          0     173132          0          0          0          0          0          0          0          0          0          0          0          0  IR-PCI-MSI 48234523-edge      smartpqi
 239:          0          0          0          0          0          0          0          0          0          0          0          0          0          0          0          0          0          0          0          0     179526          0          0          0          0          0          0          0          0          0          0          0  IR-PCI-MSI 48234524-edge      smartpqi
 240:          0          0          0          0          0          0          0          0          0          0          0          0          0          0          0          0          0          0          0          0          0     179883          0          0          0          0          0          0          0          0          0          0  IR-PCI-MSI 48234525-edge      smartpqi
 241:          0          0          0          0          0          0          0          0          0          0          0          0          0          0          0          0          0          0          0          0          0          0     170388          0          0          0          0          0          0          0          0          0  IR-PCI-MSI 48234526-edge      smartpqi
 242:          0          0          0          0          0          0          0          0          0          0          0          0          0          0          0          0          0          0          0          0          0          0          0     178737          0          0          0          0          0          0          0          0  IR-PCI-MSI 48234527-edge      smartpqi
 273:          0          0          0          0          0          0          0          0          0          0          0          0          0          0          0          0          0          0          0          0          2          0          0          0          0          0          0          0          0          0          0          0  IR-PCI-MSI 65536-edge      ioat-msix
 275:          0          0          0          0          0          0          0          0          0          0          0          0          0          0          0          0          0          0          0          0          0          2          0          0          0          0          0          0          0          0          0          0  IR-PCI-MSI 67584-edge      ioat-msix
 276:          0          0          0          0          0          0          0          0          0          0          0          0          0          0          0          0          0          0          0          0          0          0          2          0          0          0          0          0          0          0          0          0  IR-PCI-MSI 69632-edge      ioat-msix
 277:          0          0          0          0          0          0          0          0          0          0          0          0          0          0          0          0          0          0          0          0          0          0          0          2          0          0          0          0          0          0          0          0  IR-PCI-MSI 71680-edge      ioat-msix
 278:          0          2          0          0          0          0          0          0          0          0          0          0          0          0          0          0          0          0          0          0          0          0          0          0          0          0          0          0          0          0          0          0  IR-PCI-MSI 73728-edge      ioat-msix
 279:          0          0          2          0          0          0          0          0          0          0          0          0          0          0          0          0          0          0          0          0          0          0          0          0          0          0          0          0          0          0          0          0  IR-PCI-MSI 75776-edge      ioat-msix
 280:          0          0          0          2          0          0          0          0          0          0          0          0          0          0          0          0          0          0          0          0          0          0          0          0          0          0          0          0          0          0          0          0  IR-PCI-MSI 77824-edge      ioat-msix
 281:          0          0          0          0          0          2          0          0          0          0          0          0          0          0          0          0          0          0          0          0          0          0          0          0          0          0          0          0          0          0          0          0  IR-PCI-MSI 79872-edge      ioat-msix
 283:          0          0          0          0          0          0          0          0          0          0          0          2          0          0          0          0          0          0          0          0          0          0          0          0          0          0          0          0          0          0          0          0  IR-PCI-MSI 67174400-edge      ioat-msix
 285:          0          0          0          0          0          0          0          0          0          0          0          0          2          0          0          0          0          0          0          0          0          0          0          0          0          0          0          0          0          0          0          0  IR-PCI-MSI 67176448-edge      ioat-msix
 286:          0          0          0          0          0          0          0          0          0          0          0          0          0          2          0          0          0          0          0          0          0          0          0          0          0          0          0          0          0          0          0          0  IR-PCI-MSI 67178496-edge      ioat-msix
 287:          0          0          0          0          0          0          0          0          0          0          0          0          0          0          2          0          0          0          0          0          0          0          0          0          0          0          0          0          0          0          0          0  IR-PCI-MSI 67180544-edge      ioat-msix
 288:          0          0          0          0          0          0          0          0          0          0          0          0          0          0          0          2          0          0          0          0          0          0          0          0          0          0          0          0          0          0          0          0  IR-PCI-MSI 67182592-edge      ioat-msix
 289:          0          0          0          0          0          0          0          0          0          0          0          0          0          0          0          0          0          0          0          0          0          0          0          0          2          0          0          0          0          0          0          0  IR-PCI-MSI 67184640-edge      ioat-msix
 290:          0          0          0          0          0          0          0          0          0          0          0          0          0          0          0          0          0          0          0          0          0          0          0          0          0          2          0          0          0          0          0          0  IR-PCI-MSI 67186688-edge      ioat-msix
 291:          0          0          0          0          0          0          0          0          0          0          0          0          0          0          0          0          0          0          0          0          0          0          0          0          0          0          2          0          0          0          0          0  IR-PCI-MSI 67188736-edge      ioat-msix
 NMI:       1045       1286       1193       1125       1135       1121       1247       1133        984        873        836        801        778        771        735        715       1384        971        830        646        698        685        761        736        624        615        584        583        557        556        560        560   Non-maskable interrupts
 LOC:   24466128   23183519   23316471   22117566   21715015   27191107   27878657   26697903   20208450   20204410   17826936   17221634   16348024   16191268   15572222   15497569   29677886   20659277   24435236   20159647   20514381   19155732   19093049   20192275   14997822   14826246   14434575   14597011   14743111   14659473   14447556   14557648   Local timer interrupts
 SPU:          0          0          0          0          0          0          0          0          0          0          0          0          0          0          0          0          0          0          0          0          0          0          0          0          0          0          0          0          0          0          0          0   Spurious interrupts
 PMI:       1045       1286       1193       1125       1135       1121       1247       1133        984        873        836        801        778        771        735        715       1384        971        830        646        698        685        761        736        624        615        584        583        557        556        560        560   Performance monitoring interrupts
 IWI:     253958     258020     235283     238059     246669     250508     241914     236183     332415     354193     351104     350090     362192     353759     339282     334568     159294     181590     198927     219677     222649     223791     207444     213895     248379     259047     285466     289484     295154     315881     313593     321389   IRQ work interrupts
 RTR:          0          0          0          0          0          0          0          0          0          0          0          0          0          0          0          0          0          0          0          0          0          0          0          0          0          0          0          0          0          0          0          0   APIC ICR read retries
 RES:      56459      63077      68649      62835      69011      60446      59792      55130      74981      63095      63595      60885      64780      59256      58186      56344      56606      50981      45457      47009      49975      47041      48028      49136      56214      58059      52680      57615      51628      50160      49886      54003   Rescheduling interrupts
 CAL:    5612255    5894833    5701409    6161971    5124547    5315849    5579266    5158980    4372009    3962829    3562649    3617269    3740703    4292105    3379277    3162721    6343409    4659641    4420765    3623327    3730761    3385474    3934788    3546848    3472148    2795349    2905250    3047743    3228161    2668728    2677373    2915890   Function call interrupts
 TLB:    2354991    3740562    3688506    4258670    3280045    3486916    3873832    3344332    2799973    2376532    2001158    2095892    2242931    2802348    1941978    1712216    4397010    3125209    2693457    2060490    2159714    1994717    2568890    2053482    2156173    1402943    1506567    1654616    1831602    1299963    1305232    1541045   TLB shootdowns
 TRM:          0          0          0          0          0          0          0          0          0          0          0          0          0          0          0          0          0          0          0          0          0          0          0          0          0          0          0          0          0          0          0          0   Thermal event interrupts
 THR:          0          0          0          0          0          0          0          0          0          0          0          0          0          0          0          0          0          0          0          0          0          0          0          0          0          0          0          0          0          0          0          0   Threshold APIC interrupts
 DFR:          0          0          0          0          0          0          0          0          0          0          0          0          0          0          0          0          0          0          0          0          0          0          0          0          0          0          0          0          0          0          0          0   Deferred Error APIC interrupts
 MCE:          0          0          0          0          0          0          0          0          0          0          0          0          0          0          0          0          0          0          0          0          0          0          0          0          0          0          0          0          0          0          0          0   Machine check exceptions
 MCP:       1997       1997       1997       1997       1997       1997       1997       1997       1997       1997       1997       1997       1997       1997       1997       1997       1997       1997       1997       1997       1997       1997       1997       1997       1997       1997       1997       1997       1997       1997       1997       1997   Machine check polls
 ERR:          0
 MIS:          0
 PIN:          0          0          0          0          0          0          0          0          0          0          0          0          0          0          0          0          0          0          0          0          0          0          0          0          0          0          0          0          0          0          0          0   Posted-interrupt notification event
 NPI:          0          0          0          0          0          0          0          0          0          0          0          0          0          0          0          0          0          0          0          0          0          0          0          0          0          0          0          0          0          0          0          0   Nested posted-interrupt event
 PIW:          0          0          0          0          0          0          0          0          0          0          0          0          0          0          0          0          0          0          0          0          0          0          0          0          0          0          0          0          0          0          0          0   Posted-interrupt wakeup event
