            CPU0       CPU1       CPU2       CPU3       CPU4       CPU5       CPU6       CPU7       CPU8       CPU9       CPU10      CPU11      CPU12      CPU13      CPU14      CPU15      CPU16      CPU17      CPU18      CPU19      CPU20      CPU21      CPU22      CPU23      CPU24      CPU25      CPU26      CPU27      CPU28      CPU29      CPU30      CPU31      
   0:         30          0          0          0          0          0          0          0          0          0          0          0          0          0          0          0          0          0          0          0          0          0          0          0          0          0          0          0          0          0          0          0  IR-IO-APIC    2-edge      timer
   8:          0          0          0          0          0          0          0          0          0          0          0          0          0          0          0          0          0          0          0          0          0          0          0          0          0          0          0          0          0          0          0          0  IR-IO-APIC    8-edge      rtc0
   9:          0          0          0          0          0          0          0          0          0          0          0          0          0          0          0          0          0          0          0          0          0          0          0          0          0          0          0          0          0          0          0          0  IR-IO-APIC    9-fasteoi   acpi
  10:          0          0          0          0          0          0     171636          0          0          0          0          0          0          0          0          0          0          0          0          0          0          0          0          0          0          0          0          0          0          0          0          0  IR-IO-APIC   10-edge      ipmi_si
  17:          0          0          0          0          0          0          0          0          0          0          0          0          0          0          0          0          0          0          0          0          0          0          0          0          0          0          0          0          0          0          0          0  IR-IO-APIC   17-fasteoi   hpilo
  24:          0          0          0          0          0          0          0          0          0          0          0          0          0          0          0          0          0          0          0          0          0          0          0          0          0          0          0          0          0          0          0          0  IR-PCI-MSI 458752-edge      PCIe PME
  25:          0          0          0          0          0          0          0          0          0          0          0          0          0          0          0          0          0          0          0          0          0          0          0          0          0          0          0          0          0          0          0          0  IR-PCI-MSI 466944-edge      PCIe PME
  27:          0          0          0          0          0          0          0          0          0          0          0          0          0          0          0          0          0          0          0          0          0          0          0          0          0          0          0          0          0          0          0          0  IR-PCI-MSI 8912896-edge      PCIe PME
  29:          0          0          0          0          0          0          0          0          0          0          0          0          0          0          0          0          0          0          0          0          0          0          0          0          0          0          0          0          0          0          0          0  IR-PCI-MSI 28311552-edge      PCIe PME
  31:          0          0          0          0          0          0          0          0          0          0          0          0          0          0          0          0          0          0          0          0          0          0          0          0          0          0          0          0          0          0          0          0  IR-PCI-MSI 28344320-edge      PCIe PME
  33:          0          0          0          0          0          0          0          0          0          0          0          0          0          0          0          0          0          0          0          0          0          0          0          0          0          0          0          0          0          0          0          0  IR-PCI-MSI 47710208-edge      PCIe PME
  35:          0          0          0          0          0          0          0          0          0          0          0          0          0          0          0          0          0          0          0          0          0          0          0          0          0          0          0          0          0          0          0          0  IR-PCI-MSI 47742976-edge      PCIe PME
  37:          0          0          0          0          0          0          0          0          0          0          0          0          0          0          0          0          0          0          0          0          0          0          0          0          0          0          0          0          0          0          0          0  IR-PCI-MSI 69730304-edge      PCIe PME
  39:          0          0          0          0          0          0          0          0          0          0          0          0          0          0          0          0          0          0          0          0          0          0          0          0          0          0          0          0          0          0          0          0  IR-PCI-MSI 91226112-edge      PCIe PME
  41:          0          0          0          0          0          0          0          0          0          0          0          0          0          0          0          0          0          0          0          0          0          0          0          0          0          0          0          0          0          0          0          0  IR-PCI-MSI 112721920-edge      PCIe PME
  42:          0          0          0          0          0          0          0          0          0          0          0          0          0          0          0          0          0          0          0          0          0          0          0          0          0          0          0          0          0          0          0          0  IR-PCI-MSI 532480-edge      ehci_hcd:usb1
  43:        112          0    2194290          0          0          0    7154817     370729          0          0          0          0          0          0          0          0    8506745          0        124          0          0          0          0      13658          0          0          0          0          0          0          0          0  IR-PCI-MSI 9437184-edge      ens1f0np0-TxRx-0
  44:          0         39    2128249          0          0   34084756          0   30973641          0          0          0          0          0          0          0          0          0          0    7073469          0          0          0          0    2063365          0          0          0          0          0          0          0          0  IR-PCI-MSI 9437185-edge      ens1f0np0-TxRx-1
  45:          0          0         24          0          0          0          0          0          0          0          0          0          0          0          0          0          0          0          0          0   39901063   23435791          0          0          0          0          0          0          0          0          0          0  IR-PCI-MSI 9437186-edge      ens1f0np0-TxRx-2
  46:     230890    1832828     217390       3943   24153676          0          0     434609          0          0          0          0          0          0          0          0        625          0       1281    2119054          0          0          0     330038          0          0          0          0          0          0          0          0  IR-PCI-MSI 9437187-edge      ens1f0np0-TxRx-3
  47:    1429369     631915    4903046     553470         40          0         80     670480          0          0          0          0          0          0          0          0       6195     234933     459328     104991          0          0       1191     161218          0          0          0          0          0          0          0          0  IR-PCI-MSI 9437188-edge      ens1f0np0-TxRx-4
  48:          0          0    1060653          0          0         14          0    9690366          0          0          0          0          0          0          0          0          0          0   72635640   36434857          0          0          0   20093429          0          0          0          0          0          0          0          0  IR-PCI-MSI 9437189-edge      ens1f0np0-TxRx-5
  49:    1401695    3705812    2782596    2208622          0          0       1705     623092          0          0          0          0          0          0          0          0       1359      17154     165807    2386523          0          0       3492     491041          0          0          0          0          0          0          0          0  IR-PCI-MSI 9437190-edge      ens1f0np0-TxRx-6
  50:    5352041       2115    3508811        125          0          0          0       4656          0          0          0          0          0          0          0          0         94          0   12978615    3566916          0          0    6062720    2640146          0          0          0          0          0          0          0          0  IR-PCI-MSI 9437191-edge      ens1f0np0-TxRx-7
  88:          0          0          0          0          0          0          0          0          0          0          0          0          0          0          0          0          0          0          0          0          0          0          0          0          0          0          0          0          0          0          0          0  DMAR-MSI    6-edge      dmar6
  89:          0          0          0          0          0          0          0          0          0          0          0          0          0          0          0          0          0          0          0          0          0          0          0          0          0          0          0          0          0          0          0          0  DMAR-MSI    5-edge      dmar5
  90:          0          0          0          0          0          0          0          0          0          0          0          0          0          0          0          0          0          0          0          0          0          0          0          0          0          0          0          0          0          0          0          0  DMAR-MSI    4-edge      dmar4
  91:          0          0          0          0          0          0          0          0          0          0          0          0          0          0          0          0          0          0          0          0          0          0          0          0          0          0          0          0          0          0          0          0  DMAR-MSI    3-edge      dmar3
  92:          0          0          0          0          0          0          0          0          0          0          0          0          0          0          0          0          0          0          0          0          0          0          0          0          0          0          0          0          0          0          0          0  DMAR-MSI    2-edge      dmar2
  93:          0          0          0          0          0          0          0          0          0          0          0          0          0          0          0          0          0          0          0          0          0          0          0          0          0          0          0          0          0          0          0          0  DMAR-MSI    1-edge      dmar1
  94:          0          0          0          0          0          0          0          0          0          0          0          0          0          0          0          0          0          0          0          0          0          0          0          0          0          0          0          0          0          0          0          0  DMAR-MSI    0-edge      dmar0
  95:          0          0          0          0          0          0          0          0          0          0          0          0          0          0          0          0          0          0          0          0          0          0          0          0          0          0          0          0          0          0          0          0  DMAR-MSI    7-edge      dmar7
 125:          0          0          0          0          0          0          0          0          0          0          0          0          0          0          0          0          0          0          0        252          0          0          0    1568282          0          0          0          0          0          0          0          0  IR-PCI-MSI 327680-edge      xhci_hcd
 127:          0          0          0          0          0          0          0          0          0          0          0          0          0          0          0          0          0          0          0          0          0          0          0          0          0          0          0          0          0          0          0          0  IR-PCI-MSI 9439232-edge      ens1f1np1-TxRx-0
 128:          0          0          0          0          0          0          0          0          0          0          0          0          0          0          0          0          0          0          0          0          0          0          0          0          0          0          0          0          0          0          0          0  IR-PCI-MSI 9439233-edge      ens1f1np1-TxRx-1
 129:          0          0          0          0          0          0          0          0          0          0          0          0          0          0          0          0          0          0          0          0          0          0          0          0          0          0          0          0          0          0          0          0  IR-PCI-MSI 9439234-edge      ens1f1np1-TxRx-2
 130:          0          0          0          0          0          0          0          0          0          0          0          0          0          0          0          0          0          0          0          0          0          0          0          0          0          0          0          0          0          0          0          0  IR-PCI-MSI 9439235-edge      ens1f1np1-TxRx-3
 131:          0          0          0          0          0          0          0          0          0          0          0          0          0          0          0          0          0          0          0          0          0          0          0          0          0          0          0          0          0          0          0          0  IR-PCI-MSI 9439236-edge      ens1f1np1-TxRx-4
 132:          0          0          0          0          0          0          0          0          0          0          0          0          0          0          0          0          0          0          0          0          0          0          0          0          0          0          0          0          0          0          0          0  IR-PCI-MSI 9439237-edge      ens1f1np1-TxRx-5
 133:          0          0          0          0          0          0          0          0          0          0          0          0          0          0          0          0          0          0          0          0          0          0          0          0          0          0          0          0          0          0          0          0  IR-PCI-MSI 9439238-edge      ens1f1np1-TxRx-6
 134:          0          0          0          0          0          0          0          0          0          0          0          0          0          0          0          0          0          0          0          0          0          0          0          0          0          0          0          0          0          0          0          0  IR-PCI-MSI 9439239-edge      ens1f1np1-TxRx-7
 211:          0          0          0          0          0          0          0          0     246220          0          0          0          0          0          0          0          0          0          0          0          0          0          0          0          0          0          0          0          0          0          0          0  IR-PCI-MSI 48234496-edge      smartpqi
 212:          0          0          0          0          0          0          0          0          0     210198          0          0          0          0          0          0          0          0          0          0          0          0          0          0          0          0          0          0          0          0          0          0  IR-PCI-MSI 48234497-edge      smartpqi
 213:          0          0          0          0          0          0          0          0          0          0     228084          0          0          0          0          0          0          0          0          0          0          0          0          0          0          0          0          0          0          0          0          0  IR-PCI-MSI 48234498-edge      smartpqi
 214:          0          0          0          0          0          0          0          0          0          0          0     229664          0          0          0          0          0          0          0          0          0          0          0          0          0          0          0          0          0          0          0          0  IR-PCI-MSI 48234499-edge      smartpqi
 215:          0          0          0          0          0          0          0          0          0          0          0          0     207199          0          0          0          0          0          0          0          0          0          0          0          0          0          0          0          0          0          0          0  IR-PCI-MSI 48234500-edge      smartpqi
 216:          0          0          0          0          0          0          0          0          0          0          0          0          0     216013          0          0          0          0          0          0          0          0          0          0          0          0          0          0          0          0          0          0  IR-PCI-MSI 48234501-edge      smartpqi
 217:          0          0          0          0          0          0          0          0          0          0          0          0          0          0     238241          0          0          0          0          0          0          0          0          0          0          0          0          0          0          0          0          0  IR-PCI-MSI 48234502-edge      smartpqi
 218:          0          0          0          0          0          0          0          0          0          0          0          0          0          0          0     228933          0          0          0          0          0          0          0          0          0          0          0          0          0          0          0          0  IR-PCI-MSI 48234503-edge      smartpqi
 219:          0          0          0          0          0          0          0          0          0          0          0          0          0          0          0          0          0          0          0          0          0          0          0          0     180700          0          0          0          0          0          0          0  IR-PCI-MSI 48234504-edge      smartpqi
 220:          0          0          0          0          0          0          0          0          0          0          0          0          0          0          0          0          0          0          0          0          0          0          0          0          0     191953          0          0          0          0          0          0  IR-PCI-MSI 48234505-edge      smartpqi
 221:          0          0          0          0          0          0          0          0          0          0          0          0          0          0          0          0          0          0          0          0          0          0          0          0          0          0     193709          0          0          0          0          0  IR-PCI-MSI 48234506-edge      smartpqi
 222:          0          0          0          0          0          0          0          0          0          0          0          0          0          0          0          0          0          0          0          0          0          0          0          0          0          0          0     191961          0          0          0          0  IR-PCI-MSI 48234507-edge      smartpqi
 223:          0          0          0          0          0          0          0          0          0          0          0          0          0          0          0          0          0          0          0          0          0          0          0          0          0          0          0          0     186081          0          0          0  IR-PCI-MSI 48234508-edge      smartpqi
 224:          0          0          0          0          0          0          0          0          0          0          0          0          0          0          0          0          0          0          0          0          0          0          0          0          0          0          0          0          0     176440          0          0  IR-PCI-MSI 48234509-edge      smartpqi
 225:          0          0          0          0          0          0          0          0          0          0          0          0          0          0          0          0          0          0          0          0          0          0          0          0          0          0          0          0          0          0     188667          0  IR-PCI-MSI 48234510-edge      smartpqi
 226:          0          0          0          0          0          0          0          0          0          0          0          0          0          0          0          0          0          0          0          0          0          0          0          0          0          0          0          0          0          0          0     195387  IR-PCI-MSI 48234511-edge      smartpqi
 227:     225554          0          0          0          0          0          0          0          0          0          0          0          0          0          0          0          0          0          0          0          0          0          0          0          0          0          0          0          0          0          0          0  IR-PCI-MSI 48234512-edge      smartpqi
 228:          0     207117          0          0          0          0          0          0          0          0          0          0          0          0          0          0          0          0          0          0          0          0          0          0          0          0          0          0          0          0          0          0  IR-PCI-MSI 48234513-edge      smartpqi
 229:          0          0     219192          0          0          0          0          0          0          0          0          0          0          0          0          0          0          0          0          0          0          0          0          0          0          0          0          0          0          0          0          0  IR-PCI-MSI 48234514-edge      smartpqi
 230:          0          0          0     217375          0          0          0          0          0          0          0          0          0          0          0          0          0          0          0          0          0          0          0          0          0          0          0          0          0          0          0          0  IR-PCI-MSI 48234515-edge      smartpqi
 231:          0          0          0          0     201299          0          0          0          0          0          0          0          0          0          0          0          0          0          0          0          0          0          0          0          0          0          0          0          0          0          0          0  IR-PCI-MSI 48234516-edge      smartpqi
 232:          0          0          0          0          0     224396          0          0          0          0          0          0          0          0          0          0          0          0          0          0          0          0          0          0          0          0          0          0          0          0          0          0  IR-PCI-MSI 48234517-edge      smartpqi
 233:          0          0          0          0          0          0     226685          0          0          0          0          0          0          0          0          0          0          0          0          0          0          0          0          0          0          0          0          0          0          0          0          0  IR-PCI-MSI 48234518-edge      smartpqi
 234:          0          0          0          0          0          0          0     229409          0          0          0          0          0          0          0          0          0          0          0          0          0          0          0          0          0          0          0          0          0          0          0          0  IR-PCI-MSI 48234519-edge      smartpqi
 235:          0          0          0          0          0          0          0          0          0          0          0          0          0          0          0          0     184293          0          0          0          0          0          0          0          0          0          0          0          0          0          0          0  IR-PCI-MSI 48234520-edge      smartpqi
 236:          0          0          0          0          0          0          0          0          0          0          0          0          0          0          0          0          0     185334          0          0          0          0          0          0          0          0          0          0          0          0          0          0  IR-PCI-MSI 48234521-edge      smartpqi
 237:          0          0          0          0          0          0          0          0          0          0          0          0          0          0          0          0          0          0     176518          0          0          0          0          0          0          0          0          0          0          0          0          0  IR-PCI-MSI 48234522-edge      smartpqi
 238:          0          0          0          0          0          0          0          0          0          0          0          0          0          0          0          0          0          0          0     173132          0          0          0          0          0          0          0          0          0          0          0          0  IR-PCI-MSI 48234523-edge      smartpqi
 239:          0          0          0          0          0          0          0          0          0          0          0          0          0          0          0          0          0          0          0          0     179526          0          0          0          0          0          0          0          0          0          0          0  IR-PCI-MSI 48234524-edge      smartpqi
 240:          0          0          0          0          0          0          0          0          0          0          0          0          0          0          0          0          0          0          0          0          0     179883          0          0          0          0          0          0          0          0          0          0  IR-PCI-MSI 48234525-edge      smartpqi
 241:          0          0          0          0          0          0          0          0          0          0          0          0          0          0          0          0          0          0          0          0          0          0     170388          0          0          0          0          0          0          0          0          0  IR-PCI-MSI 48234526-edge      smartpqi
 242:          0          0          0          0          0          0          0          0          0          0          0          0          0          0          0          0          0          0          0          0          0          0          0     178737          0          0          0          0          0          0          0          0  IR-PCI-MSI 48234527-edge      smartpqi
 273:          0          0          0          0          0          0          0          0          0          0          0          0          0          0          0          0          0          0          0          0          2          0          0          0          0          0          0          0          0          0          0          0  IR-PCI-MSI 65536-edge      ioat-msix
 275:          0          0          0          0          0          0          0          0          0          0          0          0          0          0          0          0          0          0          0          0          0          2          0          0          0          0          0          0          0          0          0          0  IR-PCI-MSI 67584-edge      ioat-msix
 276:          0          0          0          0          0          0          0          0          0          0          0          0          0          0          0          0          0          0          0          0          0          0          2          0          0          0          0          0          0          0          0          0  IR-PCI-MSI 69632-edge      ioat-msix
 277:          0          0          0          0          0          0          0          0          0          0          0          0          0          0          0          0          0          0          0          0          0          0          0          2          0          0          0          0          0          0          0          0  IR-PCI-MSI 71680-edge      ioat-msix
 278:          0          2          0          0          0          0          0          0          0          0          0          0          0          0          0          0          0          0          0          0          0          0          0          0          0          0          0          0          0          0          0          0  IR-PCI-MSI 73728-edge      ioat-msix
 279:          0          0          2          0          0          0          0          0          0          0          0          0          0          0          0          0          0          0          0          0          0          0          0          0          0          0          0          0          0          0          0          0  IR-PCI-MSI 75776-edge      ioat-msix
 280:          0          0          0          2          0          0          0          0          0          0          0          0          0          0          0          0          0          0          0          0          0          0          0          0          0          0          0          0          0          0          0          0  IR-PCI-MSI 77824-edge      ioat-msix
 281:          0          0          0          0          0          2          0          0          0          0          0          0          0          0          0          0          0          0          0          0          0          0          0          0          0          0          0          0          0          0          0          0  IR-PCI-MSI 79872-edge      ioat-msix
 283:          0          0          0          0          0          0          0          0          0          0          0          2          0          0          0          0          0          0          0          0          0          0          0          0          0          0          0          0          0          0          0          0  IR-PCI-MSI 67174400-edge      ioat-msix
 285:          0          0          0          0          0          0          0          0          0          0          0          0          2          0          0          0          0          0          0          0          0          0          0          0          0          0          0          0          0          0          0          0  IR-PCI-MSI 67176448-edge      ioat-msix
 286:          0          0          0          0          0          0          0          0          0          0          0          0          0          2          0          0          0          0          0          0          0          0          0          0          0          0          0          0          0          0          0          0  IR-PCI-MSI 67178496-edge      ioat-msix
 287:          0          0          0          0          0          0          0          0          0          0          0          0          0          0          2          0          0          0          0          0          0          0          0          0          0          0          0          0          0          0          0          0  IR-PCI-MSI 67180544-edge      ioat-msix
 288:          0          0          0          0          0          0          0          0          0          0          0          0          0          0          0          2          0          0          0          0          0          0          0          0          0          0          0          0          0          0          0          0  IR-PCI-MSI 67182592-edge      ioat-msix
 289:          0          0          0          0          0          0          0          0          0          0          0          0          0          0          0          0          0          0          0          0          0          0          0          0          2          0          0          0          0          0          0          0  IR-PCI-MSI 67184640-edge      ioat-msix
 290:          0          0          0          0          0          0          0          0          0          0          0          0          0          0          0          0          0          0          0          0          0          0          0          0          0          2          0          0          0          0          0          0  IR-PCI-MSI 67186688-edge      ioat-msix
 291:          0          0          0          0          0          0          0          0          0          0          0          0          0          0          0          0          0          0          0          0          0          0          0          0          0          0          2          0          0          0          0          0  IR-PCI-MSI 67188736-edge      ioat-msix
 NMI:       1045       1286       1193       1125       1135       1121       1247       1133        984        873        836        801        778        771        735        715       1380        971        830        646        698        685        761        736        624        615        584        583        557        556        560        560   Non-maskable interrupts
 LOC:   24464015   23181627   23314772   22116259   21713346   27189880   27876039   26695774   20207414   20203471   17825587   17220932   16346462   16190390   15571586   15495577   29671979   20655847   24433258   20158196   20512637   19154754   19092304   20189974   14996919   14825206   14434139   14596331   14742368   14658972   14446297   14556475   Local timer interrupts
 SPU:          0          0          0          0          0          0          0          0          0          0          0          0          0          0          0          0          0          0          0          0          0          0          0          0          0          0          0          0          0          0          0          0   Spurious interrupts
 PMI:       1045       1286       1193       1125       1135       1121       1247       1133        984        873        836        801        778        771        735        715       1380        971        830        646        698        685        761        736        624        615        584        583        557        556        560        560   Performance monitoring interrupts
 IWI:     253958     258017     235270     238051     246663     250503     241902     236182     332400     354184     351089     350080     362176     353756     339272     334564     159294     181574     198916     219677     222642     223785     207442     213894     248375     259029     285442     289460     295141     315872     313577     321379   IRQ work interrupts
 RTR:          0          0          0          0          0          0          0          0          0          0          0          0          0          0          0          0          0          0          0          0          0          0          0          0          0          0          0          0          0          0          0          0   APIC ICR read retries
 RES:      56457      63075      68649      62834      69010      60443      59790      55129      74973      63095      63594      60879      64777      59243      58183      56344      56605      50979      45457      47009      49975      47041      48026      49136      56207      58049      52679      57607      51626      50156      49881      54001   Rescheduling interrupts
 CAL:    5611721    5894257    5701174    6161787    5124481    5315718    5579210    5158954    4371865    3962794    3562532    3617146    3740628    4292039    3379142    3162663    6343404    4659575    4420717    3623246    3730738    3385442    3934771    3546833    3472135    2795237    2905241    3047665    3227946    2668711    2677346    2915843   Function call interrupts
 TLB:    2354988    3740255    3688493    4258646    3280045    3486915    3873825    3344324    2799972    2376525    2001157    2095892    2242930    2802343    1941976    1712215    4397010    3125199    2693456    2060490    2159707    1994710    2568886    2053482    2156173    1402943    1506566    1654616    1831601    1299963    1305229    1541045   TLB shootdowns
 TRM:          0          0          0          0          0          0          0          0          0          0          0          0          0          0          0          0          0          0          0          0          0          0          0          0          0          0          0          0          0          0          0          0   Thermal event interrupts
 THR:          0          0          0          0          0          0          0          0          0          0          0          0          0          0          0          0          0          0          0          0          0          0          0          0          0          0          0          0          0          0          0          0   Threshold APIC interrupts
 DFR:          0          0          0          0          0          0          0          0          0          0          0          0          0          0          0          0          0          0          0          0          0          0          0          0          0          0          0          0          0          0          0          0   Deferred Error APIC interrupts
 MCE:          0          0          0          0          0          0          0          0          0          0          0          0          0          0          0          0          0          0          0          0          0          0          0          0          0          0          0          0          0          0          0          0   Machine check exceptions
 MCP:       1997       1997       1997       1997       1997       1997       1997       1997       1997       1997       1997       1997       1997       1997       1997       1997       1997       1997       1997       1997       1997       1997       1997       1997       1997       1997       1997       1997       1997       1997       1997       1997   Machine check polls
 ERR:          0
 MIS:          0
 PIN:          0          0          0          0          0          0          0          0          0          0          0          0          0          0          0          0          0          0          0          0          0          0          0          0          0          0          0          0          0          0          0          0   Posted-interrupt notification event
 NPI:          0          0          0          0          0          0          0          0          0          0          0          0          0          0          0          0          0          0          0          0          0          0          0          0          0          0          0          0          0          0          0          0   Nested posted-interrupt event
 PIW:          0          0          0          0          0          0          0          0          0          0          0          0          0          0          0          0          0          0          0          0          0          0          0          0          0          0          0          0          0          0          0          0   Posted-interrupt wakeup event
